1.126056
0.866795
1.015014
0.918321
1.045528
0.909951
1.073495
1.110904
1.256783
0.970881
0.679247
0.874062
1.203189
0.839177
1.144143
1.018607
1.215504
0.705865
0.970345
0.818823
1.436201
1.123783
1.206846
0.841273
0.929708
0.959130
1.164764
0.958319
1.105231
0.692228
0.946923
0.876462
0.763441
1.076196
1.042298
1.005022
0.799948
1.169124
1.052527
0.955140
1.003433
0.960701
0.737468
0.957152
0.875295
0.853119
0.826540
0.919966
0.699605
1.144634
2.578009
2.496996
2.494784
2.380275
2.652803
2.480017
2.392820
2.702708
2.466284
2.411646
2.455937
2.372811
2.331981
2.878900
2.748325
2.546130
2.311432
2.370180
2.473520
2.618712
2.300199
2.150520
2.282635
2.550027
2.558703
2.567752
2.480457
2.527553
2.428577
2.629303
2.295746
2.568254
2.372694
2.449767
2.582918
2.655864
2.332354
2.689099
2.599021
2.489820
2.470717
2.467359
2.454534
2.503457
2.507694
2.623909
2.729047
2.570037
2.468543
2.593779